0.jpg	84	47	116	79
1.jpg	59	21	101	63
2.jpg	141	48	201	108
3.jpg	73	32	125	84
4.jpg	121	88	193	160
5.jpg	62	18	90	46
472.jpg	204	64	248	108
332.jpg	81	103	244	266
8.jpg	120	57	258	195
9.jpg	144	45	173	74
256.jpg	121	109	244	232
377.jpg	43	8	117	82
12.jpg	129	12	158	41
13.jpg	48	26	86	64
463.jpg	40	65	195	220
384.jpg	37	36	112	111
17.jpg	189	33	254	98
18.jpg	51	115	163	227
20.jpg	68	79	177	188
344.jpg	29	58	130	159
140.jpg	143	104	289	250
94.jpg	56	64	129	137
26.jpg	158	80	201	123
522.jpg	68	36	116	84
32.jpg	140	86	216	162
34.jpg	55	31	149	125
35.jpg	186	46	240	100
36.jpg	115	54	184	123
37.jpg	171	6	208	43
38.jpg	57	56	132	131
670.jpg	112	87	217	192
90.jpg	102	32	234	164
42.jpg	137	41	177	81
46.jpg	19	49	66	96
47.jpg	50	19	82	51
48.jpg	67	56	175	164
49.jpg	112	33	150	71
50.jpg	198	73	251	126
179.jpg	118	58	185	125
52.jpg	91	62	176	147
433.jpg	63	101	213	251
54.jpg	62	17	91	46
56.jpg	66	37	114	85
466.jpg	234	44	278	88
58.jpg	150	41	199	90
382.jpg	54	59	112	117
60.jpg	223	40	273	90
61.jpg	200	36	269	105
62.jpg	32	35	95	98
63.jpg	71	186	166	281
64.jpg	92	17	165	90
65.jpg	93	28	151	86
68.jpg	61	127	210	276
72.jpg	135	265	210	340
73.jpg	93	51	150	108
194.jpg	56	25	162	131
76.jpg	193	65	332	204
343.jpg	137	72	193	128
78.jpg	77	62	143	128
298.jpg	95	54	215	174
80.jpg	86	104	309	327
82.jpg	85	29	125	69
352.jpg	19	45	104	130
88.jpg	46	31	91	76
89.jpg	95	133	241	279
486.jpg	92	38	160	106
93.jpg	139	50	230	141
96.jpg	46	76	120	150
97.jpg	151	71	224	144
224.jpg	63	34	140	111
308.jpg	109	58	269	218
105.jpg	120	54	190	124
108.jpg	83	34	164	115
508.jpg	101	46	161	106
111.jpg	72	39	133	100
113.jpg	185	80	253	148
116.jpg	81	64	152	135
117.jpg	103	44	159	100
119.jpg	94	96	141	143
251.jpg	7	31	133	157
122.jpg	178	125	222	169
124.jpg	110	71	172	133
305.jpg	183	53	255	125
127.jpg	118	175	153	210
536.jpg	112	22	298	208
131.jpg	164	57	235	128
133.jpg	196	60	306	170
134.jpg	34	51	91	108
136.jpg	39	43	117	121
138.jpg	115	30	168	83
193.jpg	62	55	137	130
142.jpg	46	33	82	69
460.jpg	168	60	272	164
148.jpg	124	240	232	348
151.jpg	59	41	136	118
153.jpg	117	84	225	192
371.jpg	110	108	255	253
157.jpg	144	32	212	100
653.jpg	66	48	139	121
159.jpg	53	24	85	56
680.jpg	127	35	199	107
166.jpg	75	26	113	64
167.jpg	178	43	252	117
169.jpg	58	24	91	57
170.jpg	59	22	96	59
647.jpg	116	87	230	201
175.jpg	69	29	97	57
176.jpg	205	37	273	105
264.jpg	179	22	221	64
181.jpg	80	70	155	145
184.jpg	89	38	147	96
186.jpg	46	33	76	63
187.jpg	50	134	202	286
192.jpg	65	51	134	120
195.jpg	101	30	132	61
196.jpg	129	72	204	147
483.jpg	59	103	216	260
200.jpg	37	70	105	138
201.jpg	99	75	217	193
203.jpg	214	41	272	99
204.jpg	84	19	113	48
212.jpg	164	19	214	69
219.jpg	29	57	93	121
221.jpg	37	31	84	78
637.jpg	141	79	240	178
229.jpg	105	36	143	74
230.jpg	87	40	123	76
235.jpg	102	83	210	191
238.jpg	99	51	171	123
240.jpg	78	102	199	223
245.jpg	159	25	201	67
246.jpg	77	37	108	68
250.jpg	83	27	122	66
255.jpg	27	30	60	63
258.jpg	201	74	248	121
261.jpg	56	47	131	122
263.jpg	48	47	83	82
269.jpg	41	15	69	43
365.jpg	176	48	262	134
273.jpg	138	81	297	240
275.jpg	31	55	116	140
277.jpg	133	30	190	87
278.jpg	102	13	129	40
492.jpg	53	39	152	138
280.jpg	101	26	153	78
282.jpg	75	35	132	92
594.jpg	205	30	251	76
284.jpg	35	44	96	105
286.jpg	70	29	120	79
291.jpg	76	57	103	84
293.jpg	141	65	202	126
294.jpg	81	21	123	63
295.jpg	88	28	138	78
297.jpg	225	33	269	77
437.jpg	153	44	196	87
348.jpg	93	70	207	184
303.jpg	51	28	96	73
306.jpg	64	25	112	73
311.jpg	37	36	134	133
312.jpg	164	48	222	106
313.jpg	32	72	61	101
314.jpg	41	41	134	134
319.jpg	100	31	160	91
320.jpg	23	43	97	117
321.jpg	132	66	212	146
322.jpg	101	67	159	125
324.jpg	69	20	113	64
325.jpg	49	23	100	74
326.jpg	37	75	155	193
328.jpg	50	52	135	137
329.jpg	100	7	246	153
331.jpg	37	43	76	82
333.jpg	125	52	223	150
686.jpg	107	116	151	160
335.jpg	42	8	154	120
336.jpg	47	16	83	52
337.jpg	117	34	148	65
339.jpg	40	31	69	60
341.jpg	68	17	97	46
345.jpg	232	3	296	67
439.jpg	40	41	96	97
347.jpg	100	54	165	119
349.jpg	85	254	189	358
350.jpg	183	113	236	166
351.jpg	214	51	285	122
354.jpg	123	46	207	130
356.jpg	60	52	115	107
403.jpg	32	68	117	153
368.jpg	79	98	151	170
374.jpg	62	57	170	165
375.jpg	63	62	125	124
378.jpg	68	59	184	175
380.jpg	106	29	157	80
383.jpg	28	38	109	119
385.jpg	212	47	301	136
388.jpg	65	0	192	127
394.jpg	150	60	222	132
396.jpg	45	29	85	69
634.jpg	89	116	231	258
400.jpg	202	21	246	65
587.jpg	122	110	189	177
402.jpg	160	38	194	72
404.jpg	71	37	113	79
405.jpg	152	32	183	63
407.jpg	115	52	195	132
409.jpg	154	50	200	96
410.jpg	86	52	164	130
419.jpg	184	49	218	83
421.jpg	139	42	174	77
423.jpg	49	42	118	111
425.jpg	75	44	152	121
426.jpg	114	53	194	133
620.jpg	130	35	299	204
429.jpg	102	50	133	81
431.jpg	60	66	168	174
434.jpg	96	67	183	154
436.jpg	69	83	248	262
441.jpg	144	18	259	133
443.jpg	91	37	140	86
448.jpg	28	54	77	103
450.jpg	192	46	267	121
451.jpg	143	64	227	148
455.jpg	68	44	137	113
456.jpg	14	109	113	208
458.jpg	30	48	101	119
551.jpg	104	81	228	205
470.jpg	63	115	173	225
471.jpg	93	22	128	57
475.jpg	197	40	250	93
476.jpg	88	35	156	103
477.jpg	124	24	162	62
482.jpg	107	87	142	122
488.jpg	135	40	200	105
490.jpg	92	86	120	114
491.jpg	85	26	123	64
493.jpg	91	73	184	166
494.jpg	140	53	207	120
496.jpg	83	69	177	163
497.jpg	139	110	294	265
498.jpg	108	63	173	128
511.jpg	102	50	141	89
501.jpg	65	34	98	67
505.jpg	198	142	246	190
509.jpg	83	85	136	138
512.jpg	15	38	86	109
515.jpg	250	195	295	240
517.jpg	112	28	219	135
518.jpg	127	67	206	146
524.jpg	225	33	271	79
525.jpg	107	82	232	207
526.jpg	77	33	131	87
530.jpg	50	32	108	90
531.jpg	55	23	97	65
532.jpg	32	52	130	150
533.jpg	182	36	262	116
534.jpg	134	29	194	89
535.jpg	58	106	254	302
537.jpg	80	30	112	62
545.jpg	93	42	133	82
547.jpg	30	21	75	66
548.jpg	72	28	110	66
550.jpg	60	60	118	118
675.jpg	127	62	192	127
563.jpg	172	99	207	134
590.jpg	180	38	240	98
565.jpg	92	36	145	89
570.jpg	96	38	148	90
585.jpg	111	277	142	308
588.jpg	94	59	127	92
589.jpg	44	23	92	71
596.jpg	139	47	181	89
598.jpg	171	53	210	92
603.jpg	38	52	97	111
609.jpg	43	29	89	75
616.jpg	51	27	83	59
621.jpg	132	38	209	115
624.jpg	160	114	227	181
638.jpg	127	55	217	145
657.jpg	154	83	228	157
660.jpg	124	66	204	146
664.jpg	80	25	107	52
666.jpg	125	35	167	77
673.jpg	202	41	241	80
682.jpg	100	27	136	63
684.jpg	155	31	211	87
685.jpg	82	53	231	202
687.jpg	127	49	194	116
690.jpg	85	31	121	67
