0.jpg	146	47	197	98
237.jpg	112	83	221	192
2.jpg	132	83	242	193
3.jpg	98	96	182	180
4.jpg	205	317	257	369
317.jpg	99	93	207	201
7.jpg	113	50	143	80
482.jpg	92	142	248	298
9.jpg	119	26	323	230
11.jpg	93	68	169	144
102.jpg	52	104	175	227
462.jpg	111	74	240	203
569.jpg	159	86	236	163
681.jpg	151	53	300	202
487.jpg	89	10	229	150
17.jpg	88	121	183	216
432.jpg	114	71	321	278
20.jpg	70	50	130	110
21.jpg	40	139	278	377
22.jpg	57	62	136	141
207.jpg	85	101	201	217
24.jpg	68	42	128	102
25.jpg	97	77	198	178
26.jpg	92	99	180	187
27.jpg	42	49	101	108
28.jpg	74	26	110	62
29.jpg	82	25	112	55
30.jpg	150	26	312	188
31.jpg	85	98	199	212
32.jpg	275	97	323	145
33.jpg	81	31	111	61
490.jpg	48	151	206	309
417.jpg	156	146	284	274
37.jpg	119	97	228	206
38.jpg	117	72	185	140
39.jpg	27	87	196	256
40.jpg	112	31	145	64
42.jpg	97	70	150	123
666.jpg	111	136	258	283
44.jpg	88	60	229	201
46.jpg	28	24	70	66
240.jpg	139	84	236	181
778.jpg	108	82	190	164
168.jpg	45	110	179	244
51.jpg	101	36	131	66
173.jpg	126	80	216	170
124.jpg	128	114	268	254
431.jpg	72	38	278	244
86.jpg	140	29	240	129
57.jpg	152	76	219	143
58.jpg	99	26	141	68
60.jpg	132	156	330	354
62.jpg	122	118	237	233
63.jpg	75	38	132	95
467.jpg	143	176	284	317
341.jpg	108	74	237	203
66.jpg	158	68	226	136
68.jpg	43	24	85	66
69.jpg	22	62	61	101
70.jpg	63	43	162	142
71.jpg	32	23	93	84
676.jpg	142	42	205	105
331.jpg	132	40	192	100
74.jpg	125	112	220	207
196.jpg	69	48	145	124
579.jpg	155	51	235	131
623.jpg	79	99	196	216
79.jpg	132	116	230	214
81.jpg	47	70	149	172
181.jpg	139	98	258	217
408.jpg	126	86	224	184
87.jpg	25	18	61	54
729.jpg	140	68	213	141
89.jpg	46	12	109	75
95.jpg	23	14	314	305
91.jpg	78	66	164	152
640.jpg	163	64	269	170
191.jpg	83	86	258	261
94.jpg	143	105	258	220
130.jpg	57	175	262	380
264.jpg	62	122	246	306
141.jpg	47	55	123	131
99.jpg	47	37	115	105
584.jpg	129	42	189	102
363.jpg	118	93	230	205
104.jpg	112	83	241	212
105.jpg	162	81	279	198
554.jpg	80	44	212	176
108.jpg	160	71	231	142
192.jpg	48	85	138	175
466.jpg	46	97	151	202
333.jpg	105	132	240	267
571.jpg	87	47	151	111
119.jpg	108	113	205	210
121.jpg	142	80	285	223
122.jpg	22	28	79	85
751.jpg	101	152	244	295
126.jpg	154	64	216	126
127.jpg	55	44	91	80
134.jpg	150	54	228	132
135.jpg	24	28	72	76
137.jpg	84	65	211	192
138.jpg	37	29	109	101
435.jpg	61	132	211	282
140.jpg	74	166	238	330
142.jpg	130	99	240	209
146.jpg	105	169	190	254
147.jpg	69	30	100	61
149.jpg	64	25	122	83
253.jpg	191	75	242	126
151.jpg	178	81	251	154
285.jpg	42	83	140	181
155.jpg	98	69	193	164
156.jpg	134	87	240	193
157.jpg	34	38	86	90
161.jpg	39	38	68	67
162.jpg	105	67	189	151
165.jpg	110	57	188	135
712.jpg	50	56	115	121
423.jpg	63	153	257	347
171.jpg	74	143	165	234
174.jpg	20	57	58	95
175.jpg	42	34	83	75
176.jpg	52	80	144	172
177.jpg	92	83	184	175
178.jpg	104	30	261	187
531.jpg	139	61	232	154
703.jpg	175	49	229	103
494.jpg	55	52	107	104
185.jpg	30	49	86	105
186.jpg	132	44	165	77
720.jpg	181	47	265	131
189.jpg	42	79	104	141
190.jpg	91	67	176	152
193.jpg	77	52	153	128
197.jpg	52	32	91	71
199.jpg	46	11	72	37
258.jpg	185	48	279	142
327.jpg	97	60	185	148
205.jpg	159	61	240	142
208.jpg	68	30	111	73
210.jpg	56	40	90	74
289.jpg	109	110	230	231
212.jpg	83	81	174	172
213.jpg	96	93	190	187
215.jpg	35	150	327	442
218.jpg	46	31	75	60
223.jpg	141	62	254	175
226.jpg	62	42	128	108
230.jpg	38	11	88	61
233.jpg	33	20	59	46
234.jpg	120	135	262	277
235.jpg	40	37	74	71
236.jpg	49	18	73	42
238.jpg	58	71	110	123
242.jpg	131	136	258	263
243.jpg	128	80	230	182
244.jpg	34	30	67	63
246.jpg	46	12	338	304
249.jpg	142	104	248	210
576.jpg	122	74	208	160
255.jpg	129	149	156	176
256.jpg	78	94	216	232
513.jpg	136	56	186	106
262.jpg	134	90	198	154
263.jpg	120	83	184	147
266.jpg	120	52	199	131
268.jpg	117	10	191	84
269.jpg	105	103	196	194
610.jpg	130	105	188	163
774.jpg	136	41	194	99
731.jpg	88	156	190	258
277.jpg	68	39	111	82
279.jpg	183	64	281	162
280.jpg	120	19	250	149
281.jpg	125	101	212	188
397.jpg	36	122	269	355
284.jpg	61	18	86	43
288.jpg	50	39	95	84
292.jpg	102	103	200	201
293.jpg	182	89	305	212
294.jpg	130	76	192	138
295.jpg	43	56	97	110
298.jpg	55	39	123	107
301.jpg	111	68	159	116
302.jpg	40	39	94	93
304.jpg	62	54	139	131
305.jpg	60	27	89	56
686.jpg	112	16	328	232
309.jpg	32	38	60	66
399.jpg	184	59	294	169
312.jpg	69	150	201	282
607.jpg	172	92	259	179
315.jpg	90	51	119	80
316.jpg	217	75	293	151
322.jpg	35	40	83	88
323.jpg	216	84	264	132
537.jpg	204	36	277	109
326.jpg	180	24	208	52
330.jpg	119	91	212	184
332.jpg	63	15	91	43
334.jpg	105	44	186	125
336.jpg	99	34	125	60
337.jpg	70	86	183	199
338.jpg	96	45	141	90
339.jpg	63	20	90	47
521.jpg	230	56	331	157
345.jpg	51	22	76	47
349.jpg	24	28	70	74
350.jpg	207	77	255	125
351.jpg	162	79	204	121
353.jpg	79	87	164	172
354.jpg	29	38	69	78
355.jpg	55	51	109	105
404.jpg	86	52	217	183
359.jpg	44	39	85	80
539.jpg	165	81	272	188
369.jpg	157	65	228	136
370.jpg	163	94	275	206
372.jpg	33	31	82	80
373.jpg	14	44	77	107
374.jpg	98	45	280	227
375.jpg	103	176	251	324
376.jpg	95	17	124	46
377.jpg	156	66	269	179
380.jpg	137	124	253	240
381.jpg	49	47	85	83
382.jpg	61	13	89	41
416.jpg	26	61	106	141
509.jpg	137	65	294	222
388.jpg	173	71	257	155
390.jpg	234	27	305	98
391.jpg	150	68	229	147
393.jpg	111	54	153	96
396.jpg	124	133	242	251
400.jpg	51	63	106	118
401.jpg	27	43	86	102
402.jpg	42	49	130	137
407.jpg	124	30	177	83
586.jpg	86	114	185	213
413.jpg	104	121	196	213
414.jpg	48	34	89	75
415.jpg	66	79	186	199
425.jpg	110	123	300	313
568.jpg	149	20	205	76
429.jpg	192	58	249	115
437.jpg	157	56	217	116
438.jpg	128	116	226	214
439.jpg	134	71	218	155
440.jpg	117	51	177	111
444.jpg	117	74	266	223
448.jpg	107	83	152	128
449.jpg	215	3	334	122
450.jpg	132	67	207	142
452.jpg	99	90	216	207
727.jpg	45	93	181	229
459.jpg	110	139	231	260
464.jpg	90	128	192	230
465.jpg	58	63	162	167
468.jpg	115	91	165	141
469.jpg	29	27	60	58
552.jpg	174	89	310	225
476.jpg	160	43	259	142
478.jpg	144	88	221	165
661.jpg	98	37	205	144
481.jpg	173	41	211	79
483.jpg	65	48	159	142
488.jpg	7	47	90	130
489.jpg	30	13	60	43
491.jpg	124	99	207	182
502.jpg	68	154	207	293
503.jpg	186	80	265	159
504.jpg	53	26	84	57
511.jpg	140	55	201	116
512.jpg	133	90	239	196
515.jpg	95	125	202	232
517.jpg	120	111	208	199
518.jpg	31	30	79	78
519.jpg	61	15	214	168
520.jpg	146	39	203	96
522.jpg	52	66	159	173
523.jpg	95	41	135	81
527.jpg	139	50	195	106
530.jpg	99	83	240	224
533.jpg	98	43	160	105
538.jpg	107	17	136	46
543.jpg	100	116	167	183
544.jpg	107	75	223	191
548.jpg	160	72	231	143
550.jpg	140	63	205	128
551.jpg	115	50	227	162
555.jpg	34	39	61	66
558.jpg	153	90	269	206
560.jpg	128	47	163	82
563.jpg	87	48	155	116
564.jpg	145	240	207	302
566.jpg	248	22	290	64
567.jpg	68	23	96	51
572.jpg	187	42	337	192
573.jpg	64	164	228	328
574.jpg	205	74	304	173
575.jpg	106	123	170	187
577.jpg	39	27	69	57
580.jpg	127	40	166	79
581.jpg	10	54	155	199
585.jpg	161	48	234	121
587.jpg	107	127	255	275
589.jpg	70	98	139	167
590.jpg	194	19	274	99
598.jpg	97	46	240	189
599.jpg	140	91	217	168
603.jpg	87	132	248	293
612.jpg	53	25	82	54
613.jpg	109	82	234	207
614.jpg	18	18	134	134
616.jpg	140	84	197	141
765.jpg	164	69	245	150
621.jpg	91	50	167	126
622.jpg	101	74	208	181
625.jpg	108	82	156	130
628.jpg	25	11	54	40
631.jpg	237	59	322	144
634.jpg	114	16	248	150
637.jpg	81	34	170	123
638.jpg	145	61	210	126
641.jpg	43	42	93	92
714.jpg	129	91	274	236
647.jpg	101	72	240	211
648.jpg	203	103	299	199
649.jpg	35	64	84	113
651.jpg	184	57	235	108
655.jpg	128	60	196	128
656.jpg	193	46	259	112
663.jpg	131	125	193	187
664.jpg	84	37	141	94
665.jpg	80	114	185	219
670.jpg	141	3	241	103
673.jpg	143	53	211	121
674.jpg	115	36	223	144
677.jpg	158	91	236	169
680.jpg	49	13	77	41
802.jpg	151	42	196	87
684.jpg	127	102	211	186
685.jpg	59	18	136	95
690.jpg	35	25	81	71
692.jpg	222	17	314	109
693.jpg	131	95	219	183
694.jpg	113	32	142	61
721.jpg	127	84	190	147
702.jpg	204	96	321	213
707.jpg	148	48	213	113
709.jpg	32	26	66	60
711.jpg	143	198	284	339
715.jpg	118	137	247	266
716.jpg	98	86	198	186
717.jpg	203	118	268	183
723.jpg	105	96	235	226
725.jpg	109	65	251	207
728.jpg	172	72	215	115
734.jpg	107	83	199	175
754.jpg	151	87	208	144
737.jpg	113	46	302	235
738.jpg	43	98	136	191
741.jpg	45	30	95	80
743.jpg	27	58	93	124
744.jpg	40	35	69	64
745.jpg	110	170	270	330
747.jpg	54	42	102	90
748.jpg	149	78	213	142
752.jpg	113	65	201	153
789.jpg	159	92	281	214
761.jpg	152	55	235	138
766.jpg	115	129	222	236
767.jpg	59	0	310	251
769.jpg	167	77	194	104
770.jpg	112	90	200	178
776.jpg	15	61	112	158
777.jpg	106	67	167	128
780.jpg	38	27	71	60
782.jpg	231	42	308	119
783.jpg	123	33	153	63
785.jpg	132	80	230	178
786.jpg	57	41	92	76
791.jpg	33	33	72	72
792.jpg	45	35	93	83
793.jpg	62	140	227	305
795.jpg	59	19	86	46
796.jpg	90	69	205	184
798.jpg	179	87	293	201
805.jpg	208	78	263	133
810.jpg	119	65	208	154
811.jpg	250	48	309	107
812.jpg	87	110	267	290
