265.jpg	32	80	117	165
1.jpg	45	53	109	117
2.jpg	79	41	107	69
3.jpg	81	56	116	91
131.jpg	135	96	203	164
122.jpg	148	42	207	101
199.jpg	204	65	256	117
323.jpg	110	82	226	198
8.jpg	51	67	124	140
207.jpg	19	65	138	184
10.jpg	140	126	231	217
339.jpg	175	36	227	88
12.jpg	128	69	202	143
13.jpg	118	62	198	142
14.jpg	145	42	229	126
15.jpg	16	60	113	157
16.jpg	71	96	209	234
266.jpg	95	37	126	68
18.jpg	22	42	64	84
19.jpg	90	32	127	69
315.jpg	85	46	142	103
310.jpg	161	131	214	184
22.jpg	68	30	100	62
110.jpg	98	140	276	318
144.jpg	145	132	243	230
26.jpg	161	113	206	158
30.jpg	175	73	278	176
31.jpg	64	43	93	72
254.jpg	157	80	227	150
35.jpg	40	48	121	129
36.jpg	82	66	155	139
37.jpg	77	47	133	103
39.jpg	44	62	148	166
40.jpg	138	67	195	124
41.jpg	24	44	92	112
42.jpg	57	35	116	94
43.jpg	43	29	95	81
87.jpg	69	107	190	228
46.jpg	48	31	97	80
73.jpg	37	92	184	239
105.jpg	154	46	201	93
49.jpg	134	91	189	146
50.jpg	42	49	96	103
52.jpg	96	77	221	202
53.jpg	94	46	158	110
54.jpg	37	29	89	81
57.jpg	47	70	188	211
58.jpg	96	26	143	73
155.jpg	167	50	243	126
60.jpg	61	41	118	98
63.jpg	31	53	130	152
65.jpg	81	60	136	115
66.jpg	28	23	57	52
71.jpg	82	35	118	71
72.jpg	73	42	132	101
74.jpg	118	60	152	94
75.jpg	84	18	111	45
79.jpg	183	37	218	72
80.jpg	83	63	175	155
302.jpg	104	101	185	182
88.jpg	7	62	90	145
89.jpg	116	36	143	63
91.jpg	122	138	287	303
92.jpg	18	34	75	91
93.jpg	66	36	108	78
95.jpg	29	41	78	90
96.jpg	204	86	290	172
97.jpg	149	29	187	67
98.jpg	84	30	113	59
99.jpg	95	50	156	111
100.jpg	126	65	240	179
101.jpg	68	58	95	85
103.jpg	40	23	73	56
109.jpg	150	68	200	118
111.jpg	45	54	121	130
112.jpg	26	90	137	201
113.jpg	24	30	81	87
115.jpg	141	23	201	83
118.jpg	110	63	173	126
120.jpg	71	35	96	60
126.jpg	176	33	311	168
128.jpg	181	30	243	92
129.jpg	84	28	114	58
132.jpg	194	30	294	130
134.jpg	59	69	169	179
139.jpg	18	47	119	148
146.jpg	69	40	118	89
148.jpg	108	58	171	121
187.jpg	66	64	176	174
150.jpg	119	68	170	119
151.jpg	85	38	124	77
153.jpg	80	68	174	162
154.jpg	30	76	127	173
156.jpg	122	59	153	90
157.jpg	134	34	160	60
274.jpg	104	83	188	167
159.jpg	131	21	158	48
162.jpg	56	115	143	202
166.jpg	60	35	101	76
168.jpg	216	104	269	157
171.jpg	74	25	101	52
174.jpg	127	18	151	42
176.jpg	54	64	92	102
177.jpg	52	153	251	352
178.jpg	51	45	94	88
179.jpg	66	31	110	75
184.jpg	70	34	100	64
186.jpg	72	22	118	68
188.jpg	30	122	223	315
190.jpg	118	44	200	126
191.jpg	57	26	108	77
193.jpg	160	82	225	147
194.jpg	206	75	292	161
198.jpg	153	113	258	218
200.jpg	155	73	197	115
204.jpg	155	24	217	86
206.jpg	88	58	127	97
209.jpg	170	40	249	119
212.jpg	27	36	60	69
213.jpg	115	35	160	80
214.jpg	119	138	152	171
216.jpg	65	83	118	136
217.jpg	128	68	169	109
219.jpg	59	75	149	165
220.jpg	136	0	188	52
221.jpg	135	33	163	61
223.jpg	105	42	168	105
226.jpg	89	86	190	187
228.jpg	77	65	172	160
230.jpg	87	24	118	55
231.jpg	30	39	83	92
234.jpg	121	25	161	65
235.jpg	55	24	85	54
236.jpg	84	64	144	124
237.jpg	226	5	308	87
238.jpg	105	78	186	159
239.jpg	144	45	205	106
241.jpg	62	97	101	136
246.jpg	86	77	149	140
247.jpg	132	75	200	143
249.jpg	110	50	139	79
253.jpg	155	47	239	131
257.jpg	90	64	166	140
258.jpg	93	33	123	63
260.jpg	40	33	73	66
262.jpg	30	24	101	95
264.jpg	126	44	184	102
267.jpg	89	39	125	75
268.jpg	124	154	209	239
340.jpg	109	61	160	112
278.jpg	105	65	178	138
279.jpg	71	43	113	85
283.jpg	211	84	258	131
284.jpg	9	140	134	265
294.jpg	102	129	228	255
289.jpg	134	35	190	91
307.jpg	117	79	252	214
299.jpg	201	84	266	149
305.jpg	162	65	236	139
306.jpg	89	39	222	172
309.jpg	192	64	225	97
313.jpg	151	49	193	91
314.jpg	156	46	229	119
317.jpg	82	76	172	166
348.jpg	145	42	281	178
319.jpg	80	36	110	66
320.jpg	30	105	98	173
326.jpg	78	23	110	55
332.jpg	140	44	195	99
333.jpg	94	3	126	35
334.jpg	176	46	238	108
335.jpg	162	47	203	88
338.jpg	22	30	67	75
345.jpg	205	36	279	110
349.jpg	187	46	240	99
