960.jpg	100	99	186	185
238.jpg	131	79	278	226
64.jpg	76	90	272	286
1392.jpg	87	79	212	204
4.jpg	75	147	142	214
5.jpg	104	101	237	234
223.jpg	73	23	132	82
674.jpg	71	112	261	302
1873.jpg	136	60	269	193
457.jpg	107	81	245	219
10.jpg	57	30	96	69
1363.jpg	106	78	179	151
481.jpg	118	47	157	86
13.jpg	176	72	264	160
632.jpg	20	45	127	152
16.jpg	140	72	192	124
17.jpg	185	44	255	114
18.jpg	48	20	76	48
19.jpg	61	29	89	57
1929.jpg	212	124	296	208
21.jpg	69	56	144	131
382.jpg	190	61	278	149
23.jpg	74	140	252	318
392.jpg	118	114	229	225
1064.jpg	90	85	258	253
657.jpg	122	99	220	197
1100.jpg	70	125	183	238
396.jpg	76	111	310	345
29.jpg	94	53	149	108
651.jpg	119	59	257	197
31.jpg	106	36	273	203
1886.jpg	174	86	258	170
33.jpg	125	66	171	112
34.jpg	108	86	184	162
314.jpg	105	79	185	159
142.jpg	98	39	201	142
39.jpg	138	79	277	218
993.jpg	114	90	251	227
1821.jpg	102	21	331	250
1843.jpg	101	88	223	210
43.jpg	86	129	228	271
1653.jpg	17	86	200	269
825.jpg	122	47	233	158
47.jpg	111	60	252	201
48.jpg	133	79	228	174
268.jpg	85	99	186	200
51.jpg	192	28	248	84
264.jpg	119	58	182	121
742.jpg	85	41	155	111
131.jpg	173	105	333	265
734.jpg	105	115	248	258
1787.jpg	41	117	187	263
58.jpg	80	82	240	242
757.jpg	83	108	186	211
301.jpg	115	82	196	163
1323.jpg	97	132	185	220
63.jpg	140	75	221	156
66.jpg	52	131	318	397
307.jpg	91	116	230	255
68.jpg	93	175	286	368
1818.jpg	143	132	259	248
770.jpg	100	124	189	213
861.jpg	55	63	156	164
73.jpg	83	93	211	221
74.jpg	52	36	95	79
75.jpg	35	35	109	109
77.jpg	57	114	126	183
718.jpg	153	148	322	317
80.jpg	102	73	199	170
424.jpg	88	98	185	195
1633.jpg	107	80	194	167
1642.jpg	137	56	202	121
87.jpg	149	70	263	184
88.jpg	51	46	109	104
586.jpg	82	95	209	222
294.jpg	95	60	179	144
1435.jpg	38	34	75	71
1701.jpg	135	80	315	260
136.jpg	122	56	196	130
1832.jpg	110	141	299	330
1940.jpg	133	63	220	150
98.jpg	94	56	180	142
99.jpg	200	36	275	111
101.jpg	35	9	115	89
102.jpg	215	61	262	108
929.jpg	41	105	180	244
104.jpg	143	49	207	113
1465.jpg	123	80	280	237
870.jpg	56	85	172	201
111.jpg	111	42	175	106
112.jpg	111	68	171	128
170.jpg	113	31	192	110
114.jpg	28	17	57	46
940.jpg	131	109	262	240
118.jpg	214	61	275	122
122.jpg	98	63	151	116
123.jpg	207	95	297	185
124.jpg	98	44	201	147
126.jpg	131	40	185	94
1270.jpg	66	124	218	276
128.jpg	48	72	113	137
1791.jpg	131	112	248	229
401.jpg	101	82	183	164
350.jpg	79	109	213	243
135.jpg	56	44	99	87
636.jpg	75	83	199	207
1494.jpg	94	174	200	280
140.jpg	79	100	190	211
141.jpg	123	17	152	46
1933.jpg	131	102	200	171
147.jpg	144	41	204	101
1868.jpg	120	66	205	151
810.jpg	45	112	209	276
347.jpg	77	23	213	159
151.jpg	78	55	176	153
152.jpg	59	81	146	168
842.jpg	128	20	178	70
261.jpg	57	40	136	119
1711.jpg	128	83	236	191
157.jpg	45	37	76	68
844.jpg	95	138	216	259
162.jpg	185	40	278	133
163.jpg	133	98	302	267
427.jpg	139	89	282	232
165.jpg	134	82	243	191
166.jpg	125	78	205	158
167.jpg	85	93	192	200
1289.jpg	112	59	257	204
1907.jpg	125	51	197	123
780.jpg	106	76	175	145
174.jpg	83	150	261	328
622.jpg	173	71	243	141
671.jpg	141	27	214	100
178.jpg	117	149	240	272
179.jpg	85	71	176	162
180.jpg	30	30	75	75
1945.jpg	199	60	296	157
950.jpg	97	113	185	201
185.jpg	98	82	197	181
627.jpg	148	82	242	176
188.jpg	129	115	262	248
190.jpg	123	63	213	153
1105.jpg	58	94	216	252
196.jpg	96	120	219	243
197.jpg	50	25	92	67
1477.jpg	109	97	221	209
507.jpg	94	133	196	235
204.jpg	44	111	148	215
205.jpg	108	169	231	292
207.jpg	100	114	203	217
482.jpg	15	91	104	180
210.jpg	72	77	207	212
333.jpg	113	44	289	220
212.jpg	112	128	189	205
1851.jpg	185	106	300	221
214.jpg	125	59	272	206
218.jpg	114	64	237	187
221.jpg	104	120	222	238
222.jpg	64	92	129	157
1519.jpg	165	41	272	148
229.jpg	71	53	135	117
399.jpg	60	79	227	246
1060.jpg	81	132	199	250
239.jpg	80	64	283	267
240.jpg	17	64	82	129
444.jpg	145	105	233	193
244.jpg	80	29	122	71
245.jpg	117	104	227	214
246.jpg	19	41	65	87
247.jpg	16	32	138	154
886.jpg	44	17	78	51
1157.jpg	33	117	183	267
251.jpg	78	86	159	167
706.jpg	102	94	227	219
690.jpg	114	61	211	158
255.jpg	149	103	273	227
967.jpg	171	123	286	238
257.jpg	98	81	195	178
258.jpg	114	154	241	281
527.jpg	96	37	159	100
402.jpg	164	84	275	195
265.jpg	46	21	76	51
266.jpg	49	9	236	196
270.jpg	99	112	221	234
271.jpg	71	51	142	122
272.jpg	114	94	233	213
273.jpg	36	35	85	84
1512.jpg	103	122	239	258
1484.jpg	101	102	209	210
276.jpg	158	33	242	117
279.jpg	49	43	117	111
280.jpg	97	94	231	228
281.jpg	147	64	253	170
283.jpg	201	71	242	112
284.jpg	64	57	142	135
285.jpg	116	72	243	199
287.jpg	91	85	189	183
1615.jpg	61	13	170	122
312.jpg	42	67	98	123
291.jpg	150	110	252	212
1802.jpg	45	150	240	345
300.jpg	153	72	271	190
306.jpg	63	68	260	265
1595.jpg	63	23	124	84
309.jpg	135	40	331	236
313.jpg	79	109	180	210
317.jpg	61	85	173	197
318.jpg	124	60	231	167
319.jpg	79	87	184	192
877.jpg	100	131	225	256
321.jpg	74	131	205	262
1622.jpg	106	46	295	235
330.jpg	39	27	74	62
331.jpg	97	11	126	40
404.jpg	64	118	179	233
336.jpg	124	94	211	181
1145.jpg	120	59	195	134
339.jpg	97	113	191	207
340.jpg	96	106	233	243
342.jpg	40	54	123	137
343.jpg	163	124	262	223
344.jpg	56	56	123	123
345.jpg	84	65	169	150
346.jpg	39	27	66	54
1326.jpg	53	58	153	158
354.jpg	186	55	270	139
357.jpg	132	87	235	190
358.jpg	93	13	119	39
764.jpg	157	65	230	138
1384.jpg	94	106	178	190
928.jpg	61	83	185	207
364.jpg	115	74	250	209
366.jpg	137	56	209	128
367.jpg	71	61	130	120
939.jpg	130	29	201	100
753.jpg	29	76	270	317
371.jpg	56	42	100	86
376.jpg	70	47	234	211
377.jpg	121	184	184	247
379.jpg	56	49	158	151
1026.jpg	64	94	177	207
381.jpg	61	155	203	297
383.jpg	212	86	266	140
565.jpg	138	112	268	242
395.jpg	126	72	219	165
1358.jpg	61	83	221	243
1035.jpg	131	74	271	214
390.jpg	42	38	89	85
393.jpg	97	18	130	51
394.jpg	92	85	195	188
398.jpg	155	115	257	217
403.jpg	127	14	205	92
405.jpg	48	122	190	264
569.jpg	103	98	191	186
410.jpg	112	100	195	183
411.jpg	214	30	264	80
1389.jpg	112	72	243	203
413.jpg	91	24	128	61
414.jpg	47	54	130	137
868.jpg	80	197	288	405
418.jpg	39	47	72	80
419.jpg	33	71	127	165
776.jpg	87	106	209	228
421.jpg	116	63	179	126
422.jpg	87	32	144	89
428.jpg	45	30	103	88
429.jpg	58	30	85	57
430.jpg	83	47	158	122
434.jpg	92	99	201	208
435.jpg	148	22	275	149
436.jpg	91	79	203	191
438.jpg	109	92	244	227
439.jpg	94	82	215	203
1243.jpg	107	161	264	318
442.jpg	95	173	210	288
1099.jpg	108	24	321	237
1840.jpg	87	124	293	330
1146.jpg	169	71	264	166
447.jpg	89	68	225	204
448.jpg	52	32	81	61
451.jpg	104	189	255	340
1314.jpg	33	20	253	240
1645.jpg	175	73	325	223
458.jpg	158	68	233	143
460.jpg	84	59	155	130
465.jpg	128	83	231	186
1066.jpg	94	81	226	213
472.jpg	153	82	284	213
475.jpg	138	83	211	156
477.jpg	32	70	101	139
1614.jpg	201	69	296	164
483.jpg	121	58	223	160
485.jpg	54	35	108	89
487.jpg	64	38	112	86
492.jpg	26	35	60	69
495.jpg	12	56	135	179
496.jpg	105	177	230	302
498.jpg	108	146	252	290
500.jpg	28	29	67	68
502.jpg	82	98	156	172
503.jpg	50	126	192	268
544.jpg	123	71	218	166
1232.jpg	100	62	234	196
509.jpg	135	86	279	230
510.jpg	58	51	129	122
513.jpg	93	58	164	129
692.jpg	95	49	164	118
516.jpg	151	96	223	168
517.jpg	57	42	123	108
518.jpg	113	57	169	113
524.jpg	10	68	104	162
528.jpg	117	53	166	102
530.jpg	37	22	68	53
1529.jpg	51	117	297	363
1093.jpg	94	126	205	237
536.jpg	63	37	98	72
542.jpg	120	80	168	128
639.jpg	77	114	166	203
547.jpg	51	29	82	60
548.jpg	129	142	270	283
550.jpg	108	63	223	178
551.jpg	87	28	134	75
552.jpg	71	169	294	392
553.jpg	31	42	76	87
554.jpg	149	36	208	95
558.jpg	93	99	185	191
561.jpg	89	32	170	113
566.jpg	77	108	238	269
567.jpg	46	108	117	179
571.jpg	119	102	225	208
572.jpg	96	73	203	180
574.jpg	154	95	262	203
576.jpg	35	20	72	57
577.jpg	31	36	69	74
578.jpg	84	53	177	146
581.jpg	115	67	234	186
583.jpg	163	224	257	318
587.jpg	5	50	267	312
588.jpg	82	103	187	208
591.jpg	105	44	163	102
592.jpg	67	70	149	152
595.jpg	139	22	176	59
597.jpg	57	100	115	158
598.jpg	102	75	150	123
599.jpg	77	51	126	100
603.jpg	125	87	243	205
605.jpg	41	94	206	259
1904.jpg	137	31	231	125
608.jpg	80	89	139	148
912.jpg	136	62	272	198
612.jpg	59	77	159	177
613.jpg	117	124	242	249
635.jpg	55	17	261	223
615.jpg	64	34	106	76
616.jpg	112	138	244	270
621.jpg	115	153	244	282
623.jpg	58	23	89	54
629.jpg	32	23	102	93
924.jpg	57	85	175	203
732.jpg	121	58	183	120
637.jpg	91	106	240	255
638.jpg	74	86	198	210
988.jpg	166	65	225	124
641.jpg	72	47	114	89
642.jpg	101	57	159	115
649.jpg	100	99	175	174
653.jpg	12	56	131	175
654.jpg	42	127	173	258
655.jpg	72	65	109	102
656.jpg	69	55	162	148
659.jpg	63	28	108	73
1069.jpg	216	49	266	99
663.jpg	61	24	240	203
666.jpg	97	10	124	37
1075.jpg	9	21	238	250
669.jpg	122	79	247	204
679.jpg	133	130	231	228
681.jpg	62	51	119	108
682.jpg	36	21	68	53
683.jpg	35	32	82	79
1205.jpg	99	83	217	201
1224.jpg	131	78	269	216
689.jpg	115	10	326	221
1247.jpg	191	74	265	148
693.jpg	87	24	118	55
1712.jpg	51	117	136	202
695.jpg	144	46	283	185
1341.jpg	174	24	247	97
699.jpg	107	107	195	195
700.jpg	150	26	200	76
701.jpg	46	65	80	99
702.jpg	66	168	184	286
703.jpg	138	51	272	185
1918.jpg	77	80	217	220
705.jpg	125	93	222	190
708.jpg	75	51	103	79
711.jpg	50	43	88	81
1550.jpg	13	108	116	211
914.jpg	141	62	242	163
714.jpg	60	112	140	192
716.jpg	63	129	240	306
1457.jpg	69	31	256	218
721.jpg	74	55	138	119
722.jpg	147	133	278	264
724.jpg	37	69	82	114
727.jpg	185	37	217	69
1362.jpg	147	75	249	177
731.jpg	232	109	333	210
733.jpg	43	14	71	42
1538.jpg	101	68	200	167
738.jpg	103	105	244	246
739.jpg	35	35	68	68
1641.jpg	135	67	204	136
1114.jpg	190	59	260	129
747.jpg	33	33	85	85
750.jpg	59	33	244	218
752.jpg	79	29	112	62
1445.jpg	82	68	172	158
763.jpg	73	52	131	110
766.jpg	102	59	187	144
768.jpg	141	72	217	148
769.jpg	171	83	243	155
771.jpg	75	70	202	197
772.jpg	37	41	72	76
775.jpg	153	20	247	114
971.jpg	163	113	249	199
779.jpg	120	107	187	174
783.jpg	39	55	96	112
784.jpg	168	95	273	200
785.jpg	136	54	195	113
786.jpg	53	22	84	53
788.jpg	120	99	232	211
1531.jpg	196	83	252	139
793.jpg	91	104	210	223
795.jpg	97	45	163	111
797.jpg	193	25	236	68
890.jpg	12	8	58	54
948.jpg	251	33	304	86
806.jpg	133	69	219	155
808.jpg	152	84	257	189
813.jpg	51	18	81	48
814.jpg	183	82	295	194
820.jpg	141	112	232	203
821.jpg	152	96	259	203
824.jpg	175	37	302	164
1056.jpg	141	72	265	196
827.jpg	17	34	65	82
831.jpg	139	83	202	146
1577.jpg	93	45	161	113
838.jpg	32	49	63	80
1381.jpg	32	84	213	265
845.jpg	137	96	250	209
846.jpg	53	23	82	52
847.jpg	164	55	306	197
848.jpg	59	72	179	192
851.jpg	164	97	235	168
853.jpg	146	55	211	120
854.jpg	4	32	204	232
856.jpg	52	99	169	216
858.jpg	206	58	273	125
859.jpg	5	50	69	114
1029.jpg	89	10	226	147
1540.jpg	71	165	273	367
873.jpg	124	52	182	110
1271.jpg	198	108	302	212
891.jpg	45	22	69	46
892.jpg	48	166	230	348
896.jpg	123	58	181	116
898.jpg	164	42	209	87
901.jpg	127	83	199	155
902.jpg	50	131	271	352
1308.jpg	68	120	147	199
906.jpg	69	58	147	136
907.jpg	105	99	178	172
908.jpg	86	54	172	140
1400.jpg	110	75	193	158
911.jpg	7	4	94	91
913.jpg	94	61	292	259
915.jpg	165	66	230	131
917.jpg	199	64	276	141
919.jpg	133	42	221	130
920.jpg	38	33	66	61
922.jpg	91	70	186	165
930.jpg	62	82	94	114
934.jpg	3	56	29	82
947.jpg	124	84	222	182
949.jpg	66	26	92	52
951.jpg	248	30	311	93
953.jpg	133	95	191	153
957.jpg	206	38	243	75
963.jpg	108	92	195	179
964.jpg	44	93	160	209
965.jpg	36	34	64	62
975.jpg	194	54	259	119
978.jpg	155	42	201	88
979.jpg	47	34	99	86
980.jpg	213	44	286	117
981.jpg	173	69	258	154
1086.jpg	116	57	303	244
987.jpg	233	48	279	94
990.jpg	125	57	198	130
1057.jpg	139	64	304	229
994.jpg	118	148	225	255
997.jpg	51	44	94	87
1000.jpg	82	57	109	84
1002.jpg	128	144	243	259
1003.jpg	96	21	124	49
1730.jpg	115	76	192	153
1007.jpg	146	61	265	180
1008.jpg	143	83	218	158
1010.jpg	41	25	69	53
1013.jpg	141	94	226	179
1092.jpg	121	69	205	153
1021.jpg	185	54	286	155
1022.jpg	205	51	279	125
1024.jpg	61	23	104	66
1025.jpg	201	36	240	75
1027.jpg	40	22	67	49
1032.jpg	103	74	208	179
1039.jpg	138	82	202	146
1040.jpg	50	68	167	185
1041.jpg	173	26	290	143
1240.jpg	138	81	252	195
1048.jpg	54	48	304	298
1051.jpg	180	51	229	100
1053.jpg	26	16	127	117
1055.jpg	11	44	105	138
1062.jpg	86	20	124	58
1352.jpg	183	108	299	224
1288.jpg	158	56	224	122
1083.jpg	90	130	188	228
1084.jpg	183	102	292	211
1499.jpg	148	99	271	222
1090.jpg	100	54	166	120
1094.jpg	120	48	177	105
1095.jpg	164	64	262	162
1096.jpg	163	104	288	229
1101.jpg	124	106	213	195
1104.jpg	122	118	280	276
1106.jpg	208	56	277	125
1107.jpg	18	45	187	214
1109.jpg	60	20	92	52
1110.jpg	93	28	140	75
1121.jpg	129	63	175	109
1126.jpg	76	91	218	233
1261.jpg	123	115	232	224
1129.jpg	115	96	207	188
1604.jpg	54	295	97	338
1310.jpg	74	114	203	243
1142.jpg	108	88	196	176
1149.jpg	87	93	172	178
1153.jpg	171	60	241	130
1154.jpg	164	65	216	117
1162.jpg	139	37	187	85
1776.jpg	205	81	324	200
1168.jpg	70	36	113	79
1169.jpg	85	59	193	167
1235.jpg	127	136	250	259
1171.jpg	105	146	208	249
1177.jpg	86	25	117	56
1180.jpg	138	85	200	147
1634.jpg	137	99	219	181
1870.jpg	67	108	217	258
1188.jpg	96	102	177	183
1192.jpg	29	15	73	59
1196.jpg	56	16	83	43
1790.jpg	163	118	292	247
1203.jpg	92	114	229	251
1204.jpg	40	44	145	149
1206.jpg	123	99	195	171
1483.jpg	40	30	84	74
1212.jpg	97	9	124	36
1215.jpg	158	75	257	174
1218.jpg	46	10	80	44
1219.jpg	5	21	109	125
1225.jpg	30	36	65	71
1628.jpg	138	43	201	106
1231.jpg	22	3	101	82
1625.jpg	73	153	221	301
1236.jpg	70	72	214	216
1466.jpg	14	112	189	287
1249.jpg	101	80	222	201
1401.jpg	159	51	209	101
1263.jpg	154	88	289	223
1264.jpg	197	58	261	122
1736.jpg	87	194	307	414
1266.jpg	171	61	275	165
1267.jpg	36	24	70	58
1272.jpg	90	20	135	65
1275.jpg	110	237	217	344
1278.jpg	8	29	49	70
1281.jpg	223	49	286	112
1282.jpg	80	45	140	105
1722.jpg	172	42	267	137
1287.jpg	128	73	186	131
1370.jpg	90	61	163	134
1302.jpg	144	128	347	331
1303.jpg	228	48	291	111
1305.jpg	119	48	185	114
1309.jpg	218	14	321	117
1313.jpg	123	14	169	60
1861.jpg	140	36	182	78
1322.jpg	32	35	82	85
1332.jpg	96	67	175	146
1334.jpg	38	72	94	128
1339.jpg	143	141	205	203
1379.jpg	160	63	208	111
1356.jpg	135	81	211	157
1357.jpg	119	102	222	205
1365.jpg	96	48	295	247
1492.jpg	94	160	281	347
1385.jpg	174	73	240	139
1386.jpg	24	22	55	53
1415.jpg	114	39	218	143
1391.jpg	181	91	286	196
1393.jpg	23	50	153	180
1395.jpg	150	68	265	183
1397.jpg	84	64	145	125
1398.jpg	91	19	123	51
1402.jpg	95	108	185	198
1403.jpg	147	60	254	167
1404.jpg	82	112	244	274
1407.jpg	36	39	87	90
1408.jpg	26	48	102	124
1411.jpg	63	35	146	118
1417.jpg	103	66	181	144
1419.jpg	37	27	63	53
1421.jpg	135	75	220	160
1424.jpg	194	16	239	61
1425.jpg	97	28	125	56
1427.jpg	120	79	200	159
1706.jpg	146	77	215	146
1437.jpg	140	71	279	210
1439.jpg	126	105	212	191
1442.jpg	134	102	231	199
1453.jpg	137	122	248	233
1448.jpg	84	29	170	115
1449.jpg	140	102	273	235
1451.jpg	224	46	257	79
1637.jpg	104	95	191	182
1459.jpg	77	71	117	111
1467.jpg	42	128	229	315
1470.jpg	76	37	137	98
1473.jpg	83	50	150	117
1474.jpg	140	46	193	99
1476.jpg	83	30	124	71
1479.jpg	17	26	54	63
1480.jpg	77	44	130	97
1482.jpg	36	33	68	65
1490.jpg	147	78	209	140
1493.jpg	165	111	236	182
1497.jpg	135	77	217	159
1500.jpg	180	45	296	161
1501.jpg	208	40	282	114
1505.jpg	98	14	125	41
1507.jpg	134	83	252	201
1508.jpg	97	104	272	279
1912.jpg	120	133	247	260
1514.jpg	17	116	247	346
1521.jpg	127	152	224	249
1522.jpg	44	29	75	60
1528.jpg	135	147	259	271
1534.jpg	107	28	160	81
1541.jpg	121	94	205	178
1547.jpg	96	70	194	168
1551.jpg	190	40	247	97
1553.jpg	48	29	78	59
1556.jpg	195	51	274	130
1560.jpg	180	67	262	149
1563.jpg	97	83	195	181
1565.jpg	193	63	281	151
1566.jpg	182	24	221	63
1796.jpg	147	62	260	175
1573.jpg	138	97	251	210
1575.jpg	30	32	81	83
1581.jpg	64	39	98	73
1582.jpg	104	86	222	204
1584.jpg	120	60	302	242
1594.jpg	170	51	197	78
1597.jpg	120	92	232	204
1601.jpg	31	45	100	114
1602.jpg	200	116	336	252
1603.jpg	65	36	126	97
1609.jpg	243	47	290	94
1616.jpg	42	22	109	89
1623.jpg	80	16	112	48
1624.jpg	40	37	68	65
1629.jpg	108	48	260	200
1631.jpg	38	72	101	135
1643.jpg	76	21	112	57
1644.jpg	141	125	231	215
1646.jpg	190	99	317	226
1648.jpg	116	115	215	214
1649.jpg	98	34	141	77
1650.jpg	91	86	203	198
1651.jpg	135	75	235	175
1654.jpg	131	122	224	215
1655.jpg	74	56	157	139
1657.jpg	158	58	257	157
1661.jpg	100	73	212	185
1662.jpg	68	80	166	178
1663.jpg	20	176	241	397
1666.jpg	143	40	197	94
1669.jpg	168	45	236	113
1670.jpg	191	110	264	183
1675.jpg	99	79	154	134
1679.jpg	170	37	276	143
1680.jpg	131	71	176	116
1682.jpg	175	59	241	125
1801.jpg	127	53	213	139
1684.jpg	195	31	280	116
1685.jpg	113	86	230	203
1686.jpg	128	106	274	252
1689.jpg	33	149	163	279
1691.jpg	47	34	103	90
1845.jpg	144	30	185	71
1693.jpg	247	66	317	136
1698.jpg	191	45	247	101
1704.jpg	159	56	234	131
1716.jpg	86	96	182	192
1719.jpg	81	66	245	230
1720.jpg	60	22	110	72
1726.jpg	122	94	199	171
1728.jpg	191	67	260	136
1729.jpg	69	96	191	218
1734.jpg	242	100	316	174
1735.jpg	134	23	186	75
1739.jpg	63	50	123	110
1747.jpg	82	44	129	91
1753.jpg	121	64	200	143
1756.jpg	122	76	225	179
1759.jpg	24	21	56	53
1763.jpg	58	106	120	168
1764.jpg	103	15	131	43
1769.jpg	51	12	84	45
1772.jpg	196	66	263	133
1774.jpg	7	35	85	113
1777.jpg	40	31	89	80
1778.jpg	29	5	121	97
1779.jpg	40	30	74	64
1780.jpg	111	48	187	124
1785.jpg	132	109	282	259
1786.jpg	47	44	83	80
1794.jpg	107	21	314	228
1798.jpg	74	40	128	94
1800.jpg	274	38	323	87
1805.jpg	29	24	102	97
1808.jpg	116	65	167	116
1810.jpg	103	78	228	203
1811.jpg	100	28	130	58
1813.jpg	95	45	150	100
1814.jpg	123	77	211	165
1817.jpg	48	43	93	88
1820.jpg	108	64	237	193
1826.jpg	78	49	120	91
1836.jpg	42	145	155	258
1838.jpg	46	35	79	68
1841.jpg	63	41	108	86
1846.jpg	52	51	134	133
1849.jpg	69	90	146	167
1853.jpg	147	63	220	136
1854.jpg	224	36	272	84
1855.jpg	133	119	256	242
1856.jpg	98	91	209	202
1871.jpg	104	118	206	220
1872.jpg	139	72	253	186
1894.jpg	111	41	148	78
1902.jpg	112	88	206	182
1903.jpg	6	81	317	392
1905.jpg	60	93	188	221
1908.jpg	33	30	77	74
1911.jpg	118	245	236	363
1916.jpg	85	100	223	238
1923.jpg	131	78	211	158
1927.jpg	101	58	186	143
1931.jpg	83	61	206	184
1935.jpg	77	38	110	71
1939.jpg	24	25	67	68
1941.jpg	80	41	126	87
1942.jpg	33	32	68	67
1944.jpg	50	30	89	69
